# Created by Octave 3.2.3, Wed Jul 04 19:08:42 2012 CEST <sasludwi@sasludwi-laptop>
# name: x
# type: matrix
# rows: 1
# columns: 4
 1 2 3 4
